0
0
1000
2500
2200
1700
2100
2100
1900
1800
2100
2200
2000
1900
2000
2000
2100
2100
2000
2000
1900
2000
2000
2000
2000
2000
2000
2000
2000
2100
2000
2000
2000
1900
1900
2100
2100
2000
2000
1900
1800
2200
2100
2000
1900
2000
2000
1900
2000
2100
2000
1900
2000
2100
2100
2000
2000
2000
1900
1900
2100
2100
2000
2000
1900
1900
2200
2000
2000
2000
2000
1900
1900
2100
2000
1900
2000
2000
2100
2000
2100
2100
1800
2000
2100
1900
2100
2400
1900
1700
2000
2200
1900
2000
2000
1800
2100
1900
1900
2100
2100
1800
2000
2200
2000
2000
2100
1900
1900
2000
2100
2000
2100
2100
1800
1900
2100
2100
1900
2000
2000
1900
1900
2100
2000
1900
2000
2000
2100
2000
2100
2000
2000
1900
2000
2100
2000
2100
2100
1700
1900
2300
2000
1900
2000
2000
2000
1800
2100
2100
1800
2000
2100
2000
2000
2100
2000
2000
1900
2000
2000
2100
2200
1900
1800
2000
2100
2000
2000
2000
2000
2000
1800
2100
2100
1900
1800
2200
2000
2000
2100
2000
1900
2000
2000
2000
2100
2100
2000
1800
2000
2100
2000
1900
2100
2000
1900
1900
2100
2000
2000
1900
2100
2000
2000
2100
2000
1900
2000
2000
2000
2000
2200
2100
1700
1900
2200
2000
2000
2000
1900
2000
1900
2000
2100
2000
1900
2000
2100
2000
2100
2000
1900
2000
2100
1900
2000
2300
1900
1800
2000
2100
1900
2100
2100
1800
1900
2100
1900
2000
2100
1900
1900
2200
2000
2000
2100
1900
2000
2000
2000
2100
2100
1900
1900
1900
2100
2100
1900
2000
2100
1900
1800
2000
2200
1900
2000
2000
2000
2100
2100
1900
2000
2000
2000
2000
2100
2100
2000
1800
1900
2200
1900
2000
2100
1900
1900
2000
2000
2000
2000
1900
2100
2000
2100
2000
2100
1900
2000
2000
2000
2100
2200
1900
1800
1900
2200
1900
2000
2100
1900
1900
2000
2000
2000
2000
2000
2000
2000
2000
2200
2000
1800
2100
2100
1900
2000
2200
2000
1800
1900
2100
2000
2000
2100
1900
1900
2000
2000
2000
2000
1900
2100
2000
2000
2100
2100
1900
2000
2000
2000
2100
2100
1900
1900
1900
2100
2000
2000
2100
1900
1900
2000
2000
2000
2000
1900
2100
2000
2000
2200
2000
1800
2100
2100
1900
2100
2100
2000
1800
1900
2100
2100
1900
2100
2000
1900
1900
2000
2100
2000
1900
2000
2100
2000
2100
2100
1900
1900
2100
2000
2000
2200
2000
1700
1900
2200
2000
1900
2100
2000
1900
1900
2000
2100
2000
1900
2000
2100
2100
2000
2100
1900
2000
2000
2000
2100
2100
1900
1800
2000
2100
2000
1900
2100
2000
1800
2000
2000
2000
2000
2000
2000
2100
2000
2100
2100
1900
1900
2100
2000
2000
2100
2100
1700
1900
2200
2000
2000
2100
1800
2000
2000
2000
1900
2100
2000
1900
2100
2100
2000
2000
2000
2000
1900
2100
2100
2000
2000
1900
1800
2100
2200
2000
1900
2000
1900
1900
2100
